12347856
12347809
12369508
12384957
12395480
12306548
12435760
12453789
12456079
12463950
12463097
12467503
12476035
12470368
12485369
12485739
12480653
12480935
12496085
12497658
12498375
12498630
12490635
12490753
12403658
12406598
12408753
12534780
12534960
12537480
12538740
12539764
12548930
12549867
12563874
12560749
12574368
12579486
12596730
12598634
12507893
12509346
12509436
12509483
12509876
12637548
12638497
12639540
12639758
12639085
12630457
12643057
12659803
12678394
12687093
12680947
12693408
12693054
12690548
12604839
12605498
12609453
12734689
12743689
12745603
12745063
12748639
12764389
12765340
12783965
12784593
12784965
12789604
12789054
12780563
12704938
12706354
12708364
14605792
12839604
14607589
12830759
14609523
14728603
12840753
12853796
14732085
14735280
14735208
12859347
14736058
12850639
14752830
12867430
14758329
12860735
14759068
12874953
14750926
14762098
12876950
14763059
12879465
14765280
12870549
14769283
14760359
12896507
12896734
14783569
12897350
14785239
12897543
14792860
14793605
12809437
14798532
12935604
12935847
12936508
14703895
14703925
12930564
14709586
12946738
12947536
12953647
14829673
14829057
14832795
12957368
12950468
12963805
14830956
14865297
14865937
13245078
14860725
14876529
13256097
15802643
15803294
13258769
14895307
13250469
14896732
14896750
13250874
14897326
14890723
14802735
13268740
15924673
14805392
13260794
14806527
13274856
14806597
15920436
14807659
13276590
14809763
13278549
14923085
14925378
14925308
15936207
14925867
13270945
15938206
13284056
14932657
14932678
13287694
14932607
14932860
14932067
15946307
13289056
14938675
15940832
14956702
14957608
13206794
15973260
15973068
14962053
13208574
15978046
15970246
14967035
15970628
15982046
15984720
14973805
15986043
14970326
15903287
13459602
14983627
14983605
